7491717327
2148119859
4122171587
3107086034
5136829742
9737920199
3269877478
2135010620
8916321151
5083108616
2101340156
8013600676
4162464736
2149453965
5408906972
4135543787
6190772023
8436093874
3628464293
5342085775
3604077677
4158409395
7205128224
8910815147
9516664969
9801458988
2034988358
8046162319
4130080829
9402513988
9167191316
6019777926
8052132332
3454659223
5068214310
8031358943
3537443193
9099881373
9730248455
3015494295
8370155077
7029515599
9879745771
5188673754
7280308078
4188556731
2015508779
3089476255
3124446348
7040449410
4185016738
5038379374
2029706316
5190983196
2137535544
4043915152
9174542880
6023249079
9895168057
4130099496
7084534720
9125434729
7279318859
3076161825
9093845961
8021190530
8353386616
3120619729
4184511252
8185566085
8122606886
5150536444
9724125866
4189381530
5083547805
8165689539
5120698144
6078696803
7184714138
2126265741
5124976756
3236688587
2142289650
5040682547
6108156635
3236173007
9177570417
3239841029
9161942095
5188998884
7153725458
8006852504
6193796219
4258950856
8014526279
9788099684
9165383569
7015096570
8154143496
5195350311
5027552277
9519067562
9165971439
8017551000
8121650392
9171736653
3367808604
7149021570
5136979218
7602058378
4189437191
9097721832
9179532570
4148197793
3044171243
8474263050
2019488426
9160533596
8165239920
7197025807
2129548488
3075252876
8162817349
8052959881
3124898166
8137353987
9164228498
4193575971
6168594246
8186105822
3101831498
4109761595
9177025424
5105214068
6103607567
9042217684
5199616056
9567954933
7086202213
2103437189
9179044238
7169601490
2519199346
4196165593
9091873722
7184135502
9162953259
5083049187
8157774973
9172810459
3072237937
9168478470
8151528643
5808778641
3124978893
6192270389
7141017441
9785235882
3053748231
8013143577
4139886475
7060416964
4188596637
8032736173
2142278964
4134913222
9091942657
7149724103
4168019623
2015242551
9163012170
4188339806
9043594225
9092895697
2016335914
2132644208
3600523275
4109869666
2106606339
9166341235
8022097782
5188846387
5096160912
3033104351
8052123506
2565452243
8182787832
9179619183
5130752763
9730532298
2029510100
8309328905
7163868067
2126259024
2135060787
9165682894
8129717772
4137288607
3036662998
3049019672
4132840424
5105261884
7142407572
9179720361
8137357492
2028682136
7184061845
8154674643
9174526056
8052366870
5156681710
4183863765
3127595679
9160678248
9161962304
8184643537
9788057286
8168235229
6019777123
9734105908
3101859604
2122170068
6103607758
2519199321
2132644211
3124898169
9093845964
9042217681
5136979215
5188998887
9092895694
9165383566
8162817346
7184061842
9730248452
3053748234
9730532295
8052366873
3033104354
2126265744
8035222995
5105261887
5083108619
4135543784
9168478473
7129528734
5195350314
9175550100
2015091725
2519782556
2174360344
5402005083
7167669463
6053303795
5302633716
9163625403
8916321154
5136829745
2101340153
8046162316
9402513985
6019777923
3537443190
9099881370
7029515596
801358943
3015494298
7280308075
5188673757
2015508776
3124446345
9174542883
4043915155
9895168054
4130099493
9125434726
7084534723
7279318856
9093845964
3076161822
8021190533
8353386613
3120619726
4184511255
8185566082
8122606883
5150536447
9724125863
4189381533
5083547802
8165689536
5120698147
6078696800
7184714135
2126265744
5124976759
3236688584
2142289653
5040682544
6108156632
3236173004
9177570414
3239841026
9161942092
5188998887
7153725455
8006852507
6193796216
4258950853
8014526276
9788099687
9165383566
7015096573
8154143493
5195350314
5027552274
9519067565
9165971436
8017551003
8121650395
9171736656
3367808607
7149021573
5136979215
7602058375
4189437194
9097721835
9179532573
4148197796
3044171246
8474263053
2019488429
9160533593
8165239923
7197025804
2129548485
3075252879
8162817346
8052959884
3124898169
8137353984
9164228495
4193575974
6168594243
8186105825
3101831495
4109761598
9177025427
5105214065
6103607564
9042217687
5199616053
9567954936
7086202216
2103437186
9179044235
7169601493
2519199343
4196165596
9091873725
7184135505
9162953256
5083049184
8157774976
9172810456
3072237934
9168478473
8151528646
5808778644
3124978896
6192270386
7141017444
9785235885
3053748234
8013143574
4139886478
7060416967
4188596634
8032736176
2142278967
4134913225
9091942654
7149724106
4168019626
2015242554
9163012173
4188339803
9043594228
9092895694
2016335917
2132644205
3600523272
4109869669
2106606336
9166341232
8022097785
5188846384
5096160915
3033104354
8052123503
2565452246
8182787835
9179619186
5130752760
9730532295
2029510103
8309328908
7163868064
2126259027
2135060784
9165682897
8129717775
4137288604
3036662995
3049019675
4132840427
5105261884
7142407575
9179720364
8137357495
2028682139
7184061842
8154674646
9174526059
8052366873
5156681713
4183863768
3127595676
9160678245
9161962307
8184643534
9788057289
8168235226
6019777120
9734105905
3101859607
2122170065
6103607755
2519199324
2132644214
3124898166
9093845967
9042217684
5136979212
5188998881
9092895697
9165383563
8162817349
7184061845
9730248455
3053748237
9730532292
8052366870
3033104351
2126265747
8035222992
5105261881
5083108616
4135543781
9168478476
7129528737
5195350317
9175550103
2015091728
2519782559
2174360347
5402005080
7167669460
6053303792
5302633719
9163625400
8916321157
5136829748
2101340159
8046162313
9402513982
6019777929
3537443196
9099881379
7029515592
8370155077