6192270389
3124978893
5808778641
8151528643
9168478470
3072237937
9172810459
8157774973
5083049187
9162953259
7184135502
9091873722
4196165593
2519199346
7169601490
9179044238
2103437189
7086202213
9567954933
5199616056
9042217684
6103607567
5105214068
9177025424
4109761595
3101831498
8186105822
6168594246
4193575971
9164228498
8137353987
3124898166
8052959881
8162817349
3075252876
2129548488
7197025807
8165239920
9160533596
2019488426
8474263050
3044171243
4148197793
9179532570
9097721832
4189437191
7602058378
5136979218
7149021570
3367808604
9171736653
8121650392
8017551000
9165971439
9519067562
5027552277
5195350311
8154143496
7015096570
9165383569
9788099684
8014526279
4258950856
6193796219
8006852504
7153725458
5188998884
9161942095
3239841029
9177570417
3236173007
6108156635
5040682547
2142289650
3236688587
5124976756
2126265741
7184714138
6078696803
5120698144
8165689539
5083547805
4189381530
9724125866
5150536444
8122606886
8185566085
4184511252
3120619729
8353386616
8021190530
9093845961
3076161825
7279318859
9125434729
7084534720
4130099496
9895168057
6023249079
9174542880
4043915152
2137535544
5190983196
2029706316
5038379374
4185016738
7040449410
3124446348
3089476255
2015508779
4188556731
7280308078
5188673754
9879745771
7029515599
8370155077
3015494295
9730248455
9099881373
3537443193
8031358943
5068214310
3454659223
8052132332
6019777926
9167191316
9402513988
4130080829
8046162319
2034988358
9801458988
9516664969
8910815147
7205128224
4158409395
3604077677
5342085775
3628464293
8436093874
6190772023
4135543787
5408906972
2149453965
4162464736
8013600676
2101340156
5083108616
8916321151
2135010620
3269877478
9737920199
5136829742
3107086034
4122171587
2148119859
7491717327
9163625406
5302633719
3069151703
4010377484
8288593922
9161730075
2675660855
3230635390
8035222998
8020583057
3236357805
9718428131
9316698651
3086960136
9520849186
5865487739
2604603681
7141086050
9045719910
9184976757
9124401831
5402005086
7167669466
9869689408
3350495817
9879783935
2122158580
2519782559
6814241773
7129528731
3067980590
4195156488
9931346066
2015091722
7063462820
4282126435
5552945227
2715053139
2935275811
6015560661
3190863073
8929764510
3121096735
3049182335
3676180358
6457143048
2174360341
2565651581
2899479383
4027727140
9250645672
4185121430
6053303798
9092801456
2132049968
8035105574
2578132960